UPLOAD:START
-4.01856e-05
-0.000160827
-0.000362065
-0.000644023
-0.001006875
-0.001450824
-0.001976006
-0.002582341
-0.003269344
-0.004036126
-0.004881695
-0.005805189
-0.006805898
-0.007883271
-0.009036943
-0.010266585
-0.011571661
-0.012951497
-0.014405483
-0.015932774
-0.017531912
-0.019201239
-0.020939461
-0.022745489
-0.024618096
-0.02655574
-0.028556417
-0.030617826
-0.03273832
-0.034918282
-0.037160274
-0.039467284
-0.041841066
-0.044281961
-0.046789425
-0.049362276
-0.051998465
-0.054694438
-0.05744497
-0.060246278
-0.063100089
-0.06601294
-0.068991999
-0.07204215
-0.075166473
-0.078367732
-0.081646259
-0.08499473
-0.0884
-0.091826584
-0.095262477
-0.098683629
-0.102075444
-0.105431156
-0.108752884
-0.112047649
-0.115321698
-0.118576935
-0.121809113
-0.12500879
-0.128165974
-0.131274844
-0.134336021
-0.13735594
-0.14
-0.143319264
-0.146
-0.149273044
-0.152252869
-0.15521112
-0.158114557
-0.160929862
-0.163637601
-0.166242513
-0.168774918
-0.171282912
-0.173819193
-0.176425057
-0.17911743
-0.182
-0.184690727
-0.18750489
-0.190306038
-0.193
-0.195859313
-0.198627031
-0.201
-0.204196355
-0.206986154
-0.209753372
-0.212474921
-0.215119463
-0.217640858
-0.219985539
-0.222109173
-0.223989755
-0.225631744
-0.227065094
-0.228347131
-0.229564878
-0.230827633
-0.232238245
-0.233851712
-0.235654863
-0.237583727
-0.23955552
-0.241492497
-0.243338844
-0.245083307
-0.246775651
-0.24850708
-0.250370775
-0.252423509
-0.254655068
-0.256997633
-0.259366609
-0.261692174
-0.263939244
-0.266116292
-0.268269303
-0.270464656
-0.272753929
-0.275118816
-0.277430111
-0.279470148
-0.280992147
-0.281765253
-0.281604608
-0.280379623
-0.278007261
-0.27445348
-0.269726192
-0.263846796
-0.256830464
-0.248684559
-0.239412317
-0.229019318
-0.217522446
-0.20495858
-0.191387465
-0.176889418
-0.161550378
-0.145437019
-0.12860157
-0.111129248
-0.093174911
-0.074952159
-0.056692195
-0.038601015
-0.020846602
-0.00358522
0.013029254
0.028883113
0.043933894
0.058194312
0.071668812
0.084284121
0.095870232
0.10621254
0.115132342
0.122525815
0.128382814
0.132827897
0.136120436
0.1385829
0.140524716
0.142197232
0.143795065
0.145474057
0.147343243
0.149457994
0.151823788
0.154409428
0.157179996
0.16013226
0.163298939
0.166730106
0.170509403
0.17480728
0.179905307
0.18613623
0.193748904
0.202812281
0.213237336
0.224847434
0.237432129
0.250802049
0.264836392
0.27946959
0.294632464
0.31019838
0.325941203
0.341532472
0.356611348
0.370898452
0.384293207
0.396930259
0.409198014
0.421693831
0.43506784
0.449803938
0.466084459
0.483782703
0.502538906
0.52189746
0.541463303
0.560991207
0.580364838
0.599560981
0.618688653
0.638035742
0.658000822
0.678915867
0.700887791
0.723732485
0.747002725
0.770100507
0.792456182
0.813698405
0.83373467
0.852760501
0.871175885
0.889391686
0.907657509
0.926013315
0.944320369
0.962297165
0.979533439
0.995511043
1.009679942
1.021560685
1.030802688
1.037189863
1.040643301
1.041257786
1.039354669
1.035476317
1.030256022
1.024244697
1.017842341
1.011329965
1.004915121
0.998769937
0.993074281
0.988029962
0.983814721
0.980520898
0.978132272
0.97655524
0.975671355
0.975380487
0.975642633
0.976527004
0.978285539
0.981417555
0.986629653
0.994653832
1.006039481
1.021054071
1.039668711
1.061592848
1.086364646
1.113433775
1.142217908
1.172187762
1.202943209
1.234188913
1.265662126
1.297118873
1.328354337
1.359212215
1.389592236
1.419455209
1.448829886
1.477832351
1.506674089
1.535637039
1.565003496
1.594969526
1.625599787
1.656844152
1.688604222
1.72081533
1.753513815
1.7868408
1.820961946
1.855977867
1.891902322
1.928686345
1.966254498
2.004548983
2.043525561
2.083131792
2.123372585
2.164411628
2.206607212
2.250458616
2.296440574
2.344793731
2.395446114
2.448132117
2.502590979
2.558713459
2.61662024
2.676649848
2.739234314
2.80472181
2.873206034
2.944443162
3.017887846
3.09
3.168373108
3.244051873
3.31956885
3.394948768
3.470384955
3.546127625
3.622366441
3.699140162
3.776310713
3.853612725
3.930747374
4.007449995
4.083538697
4.158978636
4.233935392
4.308792202
4.384091308
4.460369553
4.53798353
4.617057957
4.697517893
4.779086968
4.861312929
4.943716108
5.025999568
5.108225026
5.190875606
5.274713497
5.360435327
5.44835645
5.538358801
5.630006005
5.722656493
5.815563742
5.907975172
5.999258417
6.08904279
6.177284389
6.264181066
6.349965734
6.434788235
6.518845285
6.602631127
6.68707487
6.77333699
6.862347925
6.954548873
7.049988158
7.148493904
7.249713133
7.353098304
7.458009907
7.563914941
7.670536926
7.777886051
7.886196666
7.99582738
8.107125511
8.220257247
8.335144741
8.451598518
8.569457988
8.688610537
8.808995175
8.930624535
9.053599571
9.178192781
9.305000548
9.434962017
9.569115316
9.708233459
9.85257337
10.00178379
10.15488982
10.310484
10.46726932
10.62460802
10.78255335
10.9414559
11.10158988
11.26292031
11.4249986
11.58705803
11.7482852
11.90811824
12.06641121
12.22338515
12.37942467
12.5348192
12.68955387
12.84328118
12.9955119
13.14590337
13.29443195
13.4413575
13.58707823
13.7320296
13.87668465
14.02158667
14.16729519
14.31422566
14.46257875
14.6124826
14.76418727
14.91816335
15.07508774
15.23572301
15.40076297
15.570749
15.74605294
15.926853
16.11310684
16.30450907
16.500368
16.69950523
16.90034811
17.10124395
17.30093287
17.4989123
17.69539018
17.89095663
18.08630367
18.2820935
18.47895828
18.67755732
18.87854149
19.08242125
19.28949803
19.49992059
19.7137694
19.93105339
20.15160911
20.37501574
20.60067647
20.82806575
21.05689376
21.28701488
21.51824872
21.75031618
21.98287604
22.21559894
22.44824958
22.68073556
22.91314737
23.1458473
23.37955585
23.61531178
23.8542477
24.09727584
24.34487567
24.59707249
24.85354353
25.11377329
25.37722316
25.64347597
25.91228099
26.18353128
26.45725606
26.73361541
27.01286435
27.29523761
27.58077711
27.86921826
28.16002502
28.45256525
28.74636958
29.04138505
29.33805623
29.6371829
29.93968325
30.24634634
30.55759061
30.87330307
31.19280609
31.51497718
31.83860515
32.16283529
32.48731007
32.81195657
33.13674771
33.46158047
33.78619296
34.11007355
34.43240171
34.75208483
35.06788171
35.37851901
35.6827872
35.9797066
36.26864856
36.54923584
36.821142
37.08395897
37.33713388
37.57994645
37.81154277
38.03101135
38.23742959
38.42987996
38.60752472
38.76968813
38.91581861
39.04540037
39.15795699
39.25313426
39.33074182
39.39075523
39.43333136
39.4588243
39.46782425
39.46114741
39.43966291
39.40405587
39.35472928
39.29186503
39.21545929
39.12522011
39.02039277
38.89967463
38.76146449
38.60439795
38.42767969
38.23109744
38.01499977
37.78015767
37.52742399
37.25742557
36.97048201
36.66672098
36.34620008
36.00894502
35.6549845
35.28445032
34.89767626
34.49517549
34.07748435
33.64498468
33.19783949
32.73605312
32.259559
31.76829146
31.26230624
30.74194566
30.2079203
29.66120741
29.10275891
28.53324328
27.95304921
27.36236771
26.7610772
26.14847724
25.52318565
24.88358585
24.22863363
23.55810485
22.87212404
22.17076132
21.45390999
20.72119714
19.97194359
19.20526874
18.42033848
17.61664017
16.79413517
15.95328103
15.0949558
14.22027833
13.33037593
12.42618536
11.50840083
10.57763204
9.634692525
8.680851867
7.717838354
6.747558927
5.771867459
4.792571091
3.811503211
2.830542154
1.851593163
0.87656318
-0.092654522
-1.054177472
-2.006111878
-2.946526301
-3.873462995
-4.785043137
-5.679672084
-6.556198163
-7.41381405
-8.251786493
-9.069290278
-9.865355726
-10.63883723
-11.38846914
-12.11301395
-12.81140297
-13.48286058
-14.12700798
-14.74389403
-15.33399781
-15.89821543
-16.43764983
-16.95317571
-17.44519421
-17.91389732
-18.35982058
-18.78430066
-19.18944488
-19.57763231
-19.95112654
-20.31188062
-20.66123707
-20.99975882
-21.32745069
-21.64407259
-21.9493092
-22.24292502
-22.52497946
-22.79604038
-23.05726535
-23.31012346
-23.5558085
-23.79484589
-24.02706738
-24.25165367
-24.46729248
-24.67267635
-24.8670038
-25.04999381
-25.22161125
-25.38194572
-25.53120683
-25.66965647
-25.79750768
-25.91488855
-26.02187535
-26.11856031
-26.20513409
-26.28194502
-26.34954994
-26.40878713
-26.46079185
-26.50682593
-26.5479535
-26.58480413
-26.61760351
-26.64634517
-26.67091566
-26.69119133
-26.70712362
-26.71877083
-26.72629055
-26.72990647
-26.72987089
-26.7264212
-26.71971711
-26.70981752
-26.69670031
-26.68026087
-26.66032089
-26.63672129
-26.60948513
-26.57899756
-26.5461092
-26.51195276
-26.47741395
-26.44278072
-26.40795912
-26.37279302
-26.33712461
-26.3007576
-26.26347556
-26.22514126
-26.18582445
-26.14584983
-26.10569157
-26.06573832
-26.02600431
-25.9859131
-25.94430119
-25.89965238
-25.85037627
-25.79496315
-25.73210669
-25.66087789
-25.58080982
-25.49183611
-25.39418161
-25.28821506
-25.17425057
-25.05241758
-24.92263147
-24.7846166
-24.63802835
-24.48261488
-24.31831606
-24.14533403
-23.9642063
-23.77578477
-23.58095964
-23.38023778
-23.17352886
-22.96022171
-22.73939782
-22.51011055
-22.27153681
-22.02285386
-21.76311946
-21.49139775
-21.20711247
-20.91045867
-20.60258426
-20.2853556
-19.96082344
-19.63078999
-19.29668209
-18.95964132
-18.62063747
-18.28050448
-17.94009649
-17.60058074
-17.26354479
-16.93062156
-16.60293921
-16.28113949
-15.96580594
-15.65764113
-15.35734224
-15.06541256
-14.78210645
-14.50752879
-14.24172533
-13.98467386
-13.73622068
-13.49604014
-13.2636626
-13.0385545
-12.82016994
-12.60793631
-12.40124409
-12.19951226
-12.00231261
-11.80945096
-11.62100744
-11.43746157
-11.25983919
-11.08961299
-10.92820488
-10.77645038
-10.63458791
-10.50266136
-10.38087092
-10.26978361
-10.17044251
-10.08424458
-10.01254558
-9.956252122
-9.91566842
-9.89056455
-9.880244826
-9.883577845
-9.899112563
-9.925266851
-9.96053662
-10.00370803
-10.05392535
-10.11052777
-10.17285961
-10.24018135
-10.31159888
-10.38603805
-10.46233268
-10.53935348
-10.61604206
-10.69131699
-10.76396646
-10.83267129
-10.89624387
-10.95397546
-11.00576274
-11.05192294
-11.09293988
-11.12921994
-11.16095098
-11.18819987
-11.21109048
-11.22994958
-11.24542374
-11.25847545
-11.27019195
-11.28148985
-11.29288092
-11.30435738
-11.31530516
-11.32446118
-11.33014277
-11.33061031
-11.32416238
-11.30909593
-11.28382066
-11.24707696
-11.19806523
-11.1365343
-11.06307086
-10.97941055
-10.88820692
-10.79234549
-10.69459089
-10.59767694
-10.50442003
-10.41776599
-10.34079544
-10.27661742
-10.22802841
-10.19696714
-10.1842079
-10.18966743
-10.21287727
-10.25305468
-10.30892117
-10.37867452
-10.46023442
-10.55149894
-10.65039671
-10.75484917
-10.86275248
-10.97196135
-11.08026898
-11.1854333
-11.28533598
-11.37829484
-11.4633225
-11.54001844
-11.60822991
-11.6678833
-11.71896053
-11.76141904
-11.79508223
-11.81968934
-11.83526034
-11.84267969
-11.84414349
-11.84285699
-11.84211648
-11.84471881
-11.85271753
-11.8673429
-11.88925663
-11.91885319
-11.95640604
-12.00212359
-12.056185
-12.11875014
-12.18996232
-12.26999743
-12.35904129
-12.45711512
-12.56384697
-12.67838975
-12.79970236
-12.92695613
-13.05967217
-13.19775748
-13.34155043
-13.49166862
-13.6486802
-13.81286834
-13.98419623
-14.16235351
-14.34687428
-14.53731632
-14.73340859
-14.93506222
-15.14224008
-15.35486076
-15.5728061
-15.79592449
-16.02392949
-16.2562153
-16.49176832
-16.72933252
-16.96764686
-17.20547119
-17.44148747
-17.67429046
-17.90254082
-18.12518155
-18.34148308
-18.55088167
-18.75281636
-18.94673069
-19.1322794
-19.30971787
-19.4803259
-19.6464532
-19.81101439
-19.97696133
-20.14704309
-20.32346227
-20.50737932
-20.69884428
-20.89726211
-21.1018568
-21.31193009
-21.52698825
-21.7467543
-21.97111974
-22.2000094
-22.43318001
-22.67007133
-22.90978842
-23.15126003
-23.39335554
-23.63479432
-23.87413178
-24.10990219
-24.34077532
-24.56571206
-24.78398647
-24.99501717
-25.19819868
-25.39285858
-25.57841876
-25.75491746
-25.92382299
-26.08846381
-26.25319362
-26.4217168
-26.59598751
-26.77637996
-26.9627069
-27.15487836
-27.35280269
-27.55609075
-27.76385228
-27.97482614
-28.1878342
-28.40206662
-28.61704985
-28.8325379
-29.04842183
-29.2646431
-29.48107579
-29.69738131
-29.91292711
-30.12685932
-30.33827544
-30.5462595
-30.74973625
-30.94746358
-31.13829438
-31.32142007
-31.49619961
-31.66180553
-31.81726819
-31.96171949
-32.09452727
-32.21536404
-32.32426874
-32.42190018
-32.50993906
-32.59109383
-32.66848993
-32.74496543
-32.82254736
-32.9021335
-32.98369973
-33.06682109
-33.15092028
-33.23529892
-33.31916903
-33.40170205
-33.48210842
-33.5596525
-33.63360575
-33.70327141
-33.76810874
-33.8278394
-33.88243436
-33.93203945
-33.97692721
-34.0174739
-34.05412147
-34.08730604
-34.11738314
-34.14463585
-34.16948789
-34.19287202
-34.21637691
-34.24189225
-34.27102474
-34.30470666
-34.34321156
-34.38648908
-34.43444751
-34.48711021
-34.54477993
-34.60811817
-34.6780103
-34.75526691
-34.84038849
-34.9335794
-35.03491334
-35.14446871
-35.26236368
-35.38863733
-35.52299001
-35.66453357
-35.81178008
-35.96294844
-36.1162823
-36.27007022
-36.42252231
-36.57176171
-36.71602192
-36.85403973
-36.98541013
-37.11072673
-37.23152736
-37.34984756
-37.46748173
-37.58548529
-37.7041646
-37.82347531
-37.94343851
-38.06432095
-38.18670675
-38.31146623
-38.43947817
-38.57120939
-38.70657043
-38.84511701
-38.9862217
-39.1290525
-39.27251391
-39.41544307
-39.55708765
-39.69749388
-39.83757835
-39.97890382
-40.12331516
-40.27274894
-40.42920857
-40.59447023
-40.76936039
-40.95316946
-41.1439794
-41.33959006
-41.53795369
-41.73699865
-41.93444791
-42.12792887
-42.31540813
-42.49576041
-42.66890151
-42.8353581
-42.99588227
-43.1512736
-43.30229195
-43.44979357
-43.59499462
-43.73959426
-43.88563538
-44.03523754
-44.19038063
-44.35260109
-44.5225889
-44.70015704
-44.88457036
-45.07469535
-45.26906995
-45.46608444
-45.66406588
-45.86131056
-46.05624651
-46.24768813
-46.4349031
-46.6173622
-46.79444887
-46.96535957
-47.12917973
-47.28510719
-47.43271871
-47.57210681
-47.70391364
-47.82931259
-47.94982357
-48.06706022
-48.18252859
-48.2972979
-48.4116881
-48.5252979
-48.63731008
-48.74687896
-48.85338861
-48.95643011
-49.05564536
-49.15069212
-49.24134346
-49.32755316
-49.40941303
-49.48709652
-49.56083335
-49.63082328
-49.69705518
-49.7591582
-49.81639852
-49.86778667
-49.91223475
-49.94866119
-49.97599131
-49.99328681
-50.0
-49.99597152
-49.98118677
-49.95553004
-49.91858483
-49.86955406
-49.80737366
-49.73100192
-49.63974831
-49.5334836
-49.41276448
-49.27888468
-49.13355889
-48.97818957
-48.81342113
-48.63936649
-48.455942
-48.26296252
-48.06019172
-47.84745176
-47.62470875
-47.39205698
-47.14965021
-46.89768303
-46.63639466
-46.36597756
-46.08637915
-45.79712605
-45.49735774
-45.18615906
-44.86300657
-44.52801692
-44.18190583
-43.82572226
-43.46043931
-43.08664801
-42.70459214
-42.31445188
-41.9165976
-41.51166263
-41.10044042
-40.68363836
-40.26163559
-39.83441639
-39.40164926
-38.96285454
-38.51761511
-38.06571057
-37.60713679
-37.14205926
-36.67073069
-36.19340935
-35.710288
-35.22146427
-34.72699075
-34.22696172
-33.72158839
-33.21122056
-32.69629765
-32.17722527
-31.65419457
-31.12708575
-30.59556415
-30.05925266
-29.5178318
-28.97104633
-28.41863068
-27.86016122
-27.29487796
-26.72164069
-26.13919883
-25.5465828
-24.94323117
-24.32883572
-23.70312856
-23.06575727
-22.41630829
-21.75442732
-21.07991324
-20.39272778
-19.69294433
-18.98070378
-18.25618852
-17.51957024
-16.77099364
-16.0106694
-15.23904593
-14.45694933
-13.66553821
-12.86602645
-12.05948328
-11.24701768
-10.4300545
-9.610228471
-8.788979669
-7.967291949
-7.145670777
-6.324291164
-5.50324557
-4.682633548
-3.862454911
-3.042466657
-2.222103869
-1.400569456
-0.577093358
0.248768043
1.077016564
1.90737351
2.739484832
3.573051738
4.407907204
5.24392006
6.080740002
6.917615678
7.75350298
8.58738422
9.418481047
10.24626668
11.07037061
11.89043728
12.7060267
13.51660657
14.32158385
15.12033546
15.9121767
16.69623918
17.47141639
18.2364469
18.99003649
19.73094056
20.45798837
21.17009777
21.86630187
22.54578001
23.20787476
23.85202444
24.47763393
25.08400044
25.67032826
26.23583298
26.77992787
27.30237036
27.80327668
28.28303882
28.7421896
29.18124613
29.60057329
30.00036261
30.38073965
30.74185342
31.08386791
31.40692176
31.7111404
31.99671711
32.26402536
32.51369406
32.74654133
32.96335133
33.16472179
33.35115878
33.52324385
33.68170155
33.82735179
33.9609654
34.08318271
34.19459923
34.2958739
34.38777095
34.47118396
34.54712741
34.61662368
34.68055824
34.73966591
34.79462305
34.84610367
34.89472894
34.94097736
34.9851394
35.02726735
35.06705644
35.10376769
35.13635098
35.16374798
35.18518607
35.20027199
35.20891832
35.21127726
35.20775089
35.19902307
35.18600658
35.1696593
35.15078075
35.12994081
35.10753171
35.08378973
35.05876527
35.03233868
35.00427813
34.97428866
34.94203734
34.90719371
34.86951473
34.82891185
34.78541743
34.73911114
34.69011119
34.63861986
34.58498171
34.52967578
34.47320908
34.41601184
34.35842265
34.30075534
34.2433579
34.18657685
34.13063329
34.07552331
34.02102503
33.96678001
33.9124084
33.85761
33.80219028
33.74602314
33.68898737
33.63089105
33.57136747
33.50973088
33.44492402
33.37570909
33.30096529
33.21978278
33.13135144
33.0348967
32.929736
32.81540069
32.69172855
32.55884376
32.41709857
32.26704249
32.1093497
31.94472359
31.77385738
31.59741423
31.41598775
31.23006315
31.04001636
30.84614586
30.64869014
30.44779275
30.24341236
30.03525757
29.82283784
29.60561817
29.38316921
29.1552382
28.92180338
28.68316395
28.43999386
28.19326695
27.94404031
27.69324405
27.44161697
27.18971648
26.93794791
26.6866715
26.436341
26.18755519
25.94102399
25.69755393
25.45805939
25.22355112
24.99506512
24.77349686
24.55944365
24.35316894
24.15469041
23.9639254
23.78083847
23.60556822
23.43846501
23.28000465
23.13064203
22.99067126
22.86010399
22.73859923
22.6254779
22.51980438
22.42048759
22.32634288
22.23611103
22.14845695
22.06210353
21.97618062
21.89043095
21.80504819
21.72038895
21.6368231
21.55476742
21.47479145
21.39766341
21.32427305
21.25543438
21.19168391
21.13321037
21.07986312
21.03115419
20.98626504
20.94411362
20.90348383
20.86313466
20.82185109
20.77845429
20.73184018
20.68106076
20.62536222
20.56416372
20.49702618
20.42367547
20.34410274
20.25867654
20.1681575
20.07352797
19.97575994
19.87572081
19.77418443
19.67187939
19.56955315
19.46796213
19.36783065
19.26984491
19.1746365
19.08277416
18.99477635
18.91110663
18.83216534
18.75829969
18.6898117
18.62695293
18.56991298
18.51879703
18.47360403
18.43422951
18.40045087
18.37178879
18.34728958
18.32548484
18.30466357
18.28324353
18.25994438
18.23371597
18.20360458
18.16872971
18.12836706
18.08203988
18.02949526
17.97056055
17.90505203
17.83278346
17.75362178
17.66757696
17.57487063
17.47598815
17.37173162
17.26312131
17.15111849
17.03641033
16.91936535
16.80004759
16.67820979
16.55330831
16.42459938
16.29129464
16.15270512
16.00834077
15.85796781
15.70162846
15.53963987
15.37255167
15.20103667
15.02580544
14.84760891
14.66725643
14.48560397
14.30352281
14.12188305
13.94154435
13.76331069
13.58788931
13.41586107
13.24762993
13.08338618
12.92312548
12.76670245
12.61385614
12.46421473
12.31731261
12.17267559
12.03000498
11.8893144
11.75091132
11.61527753
11.48293309
11.35435857
11.22999695
11.11024794
10.99538351
10.88547345
10.7803901
10.67984875
10.58347084
10.4908872
10.40184558
10.31623197
10.23399829
10.15502213
10.07887903
10.00464465
9.93089054
9.855915345
9.778061912
9.695942425
9.608581884
9.515490527
9.416662615
9.312599126
9.204386249
9.093648194
8.982282777
8.872241541
8.765481745
8.663850508
8.568783193
8.481068609
8.400928538
8.328255249
8.262770596
8.204144668
8.152121467
8.106574051
8.067464976
8.034738887
8.00822043
7.987608935
7.972532057
7.962602293
7.957499136
7.957031936
7.961115802
7.969708277
7.982764772
8.000241516
8.022118433
8.04837419
8.078931933
8.113618472
8.152152738
8.194169799
8.239279294
8.28712281
8.337369484
8.389675996
8.443674123
8.498987056
8.555249035
8.612142767
8.669439356
8.726963519
8.784527908
8.841935177
8.89905913
8.955933953
9.012754615
9.069763058
9.127116811
9.184879265
9.243100375
9.301878135
9.361361066
9.421712595
9.48309362
9.545670821
9.609648823
9.675307347
9.742976714
9.812951086
9.885416714
9.960435401
10.03795454
10.11782926
10.19987974
10.28395919
10.36998698
10.45794342
10.54784364
10.63971036
10.73354546
10.82930067
10.92688549
11.02622298
11.12730308
11.23020632
11.33509434
11.44214929
11.55149548
11.6631836
11.77724245
11.89373897
12.0128005
12.13459627
12.25931337
12.38713485
12.51820638
12.65260702
12.79030484
12.93109025
13.07452745
13.21994505
13.36650214
13.51332939
13.65967119
13.80492397
13.94855769
14.09006404
14.22898606
14.36495273
14.49768453
14.62698858
14.75273911
14.87484671
14.99329338
15.10819828
15.21983772
15.32866378
15.43526197
15.54021552
15.6440283
15.74716472
15.85013834
15.95357306
16.05817053
16.1645948
16.27336857
16.3848357
16.49916828
16.61639369
16.73642553
16.85906442
16.9839941
17.11082645
17.23914242
17.36851993
17.49860571
17.62916916
17.76007814
17.89124436
18.02257798
18.15395521
18.28521557
18.41618812
18.54671756
18.67667962
18.80597787
18.9345285
19.0622601
19.18913784
19.31519348
19.44051794
19.56520753
19.68931435
19.81284449
19.9357702
20.05801886
20.17947495
20.30003016
20.41965345
20.53842578
20.65651332
20.77409846
20.89131647
21.00822965
21.12482796
21.24102734
21.356663
21.47149867
21.58524639
21.69757876
21.80813476
21.91652519
22.02235335
22.12524386
22.22487916
22.32105431
22.41367754
22.50270495
22.5880882
22.66974721
22.74758464
22.82150907
22.89141422
22.95716258
23.01860104
23.07558854
23.12799711
23.17569686
23.21856753
23.25651656
23.2894812
23.31741881
23.34031276
23.35818942
23.37110822
23.37915903
23.3824614
23.38113294
23.37528693
23.36504891
23.35055947
23.33200418
23.30965664
23.28389309
23.25515891
23.22389349
23.19044832
23.1550699
23.11798387
23.07947823
23.03991362
22.99969689
22.95926035
22.91905684
22.87954995
22.84124684
22.80476925
22.77085784
22.74030125
22.71382744
22.69199443
22.67515456
22.6635147
22.65719263
22.65620407
22.6604411
22.66968541
22.68368256
22.70226469
22.72539791
22.75312692
22.78550502
22.82254519
22.86417185
22.91014908
22.95999279
23.01289068
23.06767936
23.12294541
23.17727209
23.22946867
23.27861319
23.32399975
23.36508081
23.40139929
23.432537
23.45807807
23.47757463
23.49049324
23.4961583
23.49377998
23.48255364
23.46176036
23.43083006
23.3893229
23.3368678
23.27312766
23.19777996
23.11051389
23.01104912
22.89914036
22.77457515
22.63718201
22.48682983
22.32341414
22.14684002
21.95701728
21.7538863
21.53743928
21.30771947
21.06485146
20.80917048
20.54148156
20.26327542
19.97656359
19.68346003
19.38602171
19.08635213
18.7866385
18.48899156
18.19512593
17.90612683
17.62260777
17.34505993
17.07393792
16.80953922
16.55192648
16.30090381
16.05597248
15.81621356
15.5801535
15.34589312
15.11151649
14.87538942
14.63628894
14.39347034
14.1466021
13.89562496
13.64072723
13.38243179
13.12159826
12.85926785
12.59647527
12.3341383
12.07295595
11.81333319
11.5554532
11.29941222
11.04528451
10.79311533
10.5428933
10.29455218
10.04801087
9.803208497
9.560107875
9.318693754
9.078968393
8.84094718
8.604666916
8.370187819
8.137582185
7.90691075
7.678200641
7.451462018
7.226734043
7.004105029
6.783717927
6.56577744
6.350516951
6.138149944
5.92884346
5.722713911
5.519850464
5.320319404
5.124132526
4.931248742
4.741626341
4.555258109
4.372152447
4.192315287
4.015764616
3.842536949
3.672695765
3.506338448
3.343593494
3.184624151
3.02960849
2.878717791
2.732114123
2.5899454
2.452346304
2.319452525
2.19141258
2.068376167
1.950466416
1.837775217
1.730378869
1.628331881
1.531645957
1.440269842
1.354059794
1.272755635
1.195952426
1.123058111
1.053287963
0.985708966
0.919322463
0.853187327
0.786554365
0.718931189
0.65003557
0.579732394
0.508029156
0.435098329
0.36125711
0.286877926
0.212289965
0.137748042
0.063471745
-0.010328097
-0.083462334
-0.155780023
-0.227175854
-0.297573003
-0.366902497
-0.435100527
-0.502105366
-0.567877411
-0.632413292
-0.69569354
-0.757623316
-0.818035571
-0.876730856
-0.933505992
-0.988187811
-1.040667245
-1.090915475
-1.138992613
-1.185035014
-1.229263628
-1.272041031
-1.31389944
-1.35549905
-1.397521414
-1.44054593
-1.485006957
-1.531219487
-1.579411224
-1.629752095
-1.682361892
-1.737297377
-1.794555876
-1.854071722
-1.915702507
-1.979251023
-2.044510982
-2.111285325
-2.179343112
-2.248353688
-2.317884152
-2.387479136
-2.456742746
-2.525373299
-2.593159418
-2.659954055
-2.725627147
-2.789997213
-2.852803609
-2.913748216
-2.972530204
-3.028849736
-3.082415761
-3.132948633
-3.180189961
-3.223916439
-3.263936618
-3.300086298
-3.332225963
-3.360216291
-3.383895528
-3.403109197
-3.417750267
-3.42776257
-3.433133742
-3.433913722
-3.43025678
-3.422452542
-3.410915856
-3.396106689
-3.378394405
-3.35800159
-3.335093415
-3.309858335
-3.282482454
-3.253104444
-3.221827418
-3.188754964
-3.153999537
-3.117685098
-3.079953464
-3.040957414
-3.000858869
-2.959823549
-2.918011868
-2.875594526
-2.832792738
-2.789917117
-2.747370758
-2.705611742
-2.665104561
-2.626281791
-2.589534401
-2.555227308
-2.523671753
-2.495061738
-2.469459822
-2.446833881
-2.427103063
-2.410171017
-2.395958411
-2.384426947
-2.375569
-2.369389022
-2.365875061
-2.364959573
-2.366488233
-2.370170305
-2.375550437
-2.382064737
-2.389146352
-2.396297728
-2.40310291
-2.409228981
-2.414420749
-2.418473133
-2.421200571
-2.422411324
-2.421886302
-2.419368094
-2.414575948
-2.407250564
-2.397214262
-2.384393612
-2.3687961
-2.35051966
-2.329775906
-2.306872461
-2.282184679
-2.256125493
-2.229096114
-2.201452906
-2.173525342
-2.145640098
-2.118126089
-2.091328449
-2.065623751
-2.04140989
-2.01904687
-1.998790232
-1.980815983
-1.965280631
-1.952306126
-1.941939865
-1.934149721
-1.928854407
-1.925954566
-1.925325229
-1.926809155
-1.93023365
-1.935436949
-1.942299924
-1.950761898
-1.960808572
-1.972470199
-1.985846364
-2.00113027
-2.018625018
-2.038711949
-2.061780291
-2.08818107
-2.118201935
-2.152050871
-2.189843502
-2.231590319
-2.277186981
-2.326405403
-2.378888571
-2.434144637
-2.491549137
-2.550367804
-2.60980758
-2.669142717
-2.72785217
-2.785606715
-2.842188972
-2.897492747
-2.951533195
-3.004420095
-3.056341321
-3.10753214
-3.158216733
-3.208591981
-3.26
-3.31
-3.36
-3.409430752
-3.459635171
-3.50982137
-3.559958811
-3.610015088
-3.659952377
-3.709717693
-3.759243437
-3.808458346
-3.857283616
-3.90561635
-3.953307976
-4.000133047
-4.045792416
-4.089955948
-4.132299737
-4.172556103
-4.210580609
-4.246391815
-4.280156942
-4.312131174
-4.342625171
-4.372000852
-4.400603018
-4.428682133
-4.456399893
-4.483891486
-4.511323271
-4.538908108
-4.566890758
-4.595519079
-4.625009969
-4.655524128
-4.687152699
-4.719931193
-4.753878212
-4.789014381
-4.825354291
-4.862882846
-4.901520688
-4.941104673
-4.98138672
-5.022043773
-5.06272509
-5.103107775
-5.14289694
-5.181808606
-5.219582971
-5.256004167
-5.29089331
-5.324080904
-5.355386306
-5.384600755
-5.41147208
-5.435723711
-5.457087743
-5.475298855
-5.490084337
-5.501194868
-5.508438227
-5.511680347
-5.510836923
-5.505863908
-5.496749811
-5.483525402
-5.466260551
-5.445040458
-5.419951753
-5.391076186
-5.358477234
-5.322190711
-5.282251494
-5.238751898
-5.191878483
-5.141921021
-5.089265177
-5.034344294
-4.977571288
-4.919293596
-4.859786822
-4.799264275
-4.737872142
-4.675694041
-4.61276464
-4.549071999
-4.484567524
-4.419202275
-4.352955266
-4.285813909
-4.217748769
-4.148697845
-4.078552371
-4.007183656
-3.934481399
-3.860367274
-3.78481749
-3.707884138
-3.62969295
-3.550438278
-3.470390584
-3.389901809
-3.309390436
-3.229293878
-3.149989938
-3.071767714
-2.994857998
-2.91945985
-2.845782664
-2.774072855
-2.70460229
-2.637662634
-2.573558407
-2.512583161
-2.454996334
-2.401021959
-2.350846164
-2.304590578
-2.262303047
-2.223983905
-2.189585885
-2.158980378
-2.131962667
-2.108287623
-2.087682894
-2.069866903
-2.054574826
-2.041561046
-2.030607017
-2.02153375
-2.014190354
-2.008427052
-2.004061688
-2.000878042
-1.998671524
-1.997267067
-1.99649333
-1.996171713
-1.996130388
-1.996223615
-1.996334532
-1.996337302
-1.996071195
-1.995381976
-1.994157674
-1.992322838
-1.98984282
-1.986735355
-1.983048043
-1.978832148
-1.97416624
-1.969193095
-1.964124173
-1.959226172
-1.954814624
-1.95123265
-1.948779548
-1.947672029
-1.948089571
-1.950195594
-1.954110479
-1.959877171
-1.967451762
-1.97673217
-1.987582821
-1.999868591
-2.013484032
-2.028326306
-2.044272794
-2.061214765
-2.079083489
-2.097852111
-2.117543165
-2.138241623
-2.160094148
-2.183273483
-2.207931256
-2.234162329
-2.261983023
-2.291302086
-2.321896357
-2.353467607
-2.385738824
-2.418499743
-2.451603633
-2.484941377
-2.518424166
-2.551981412
-2.585573668
-2.619194947
-2.652836446
-2.686449628
-2.719941573
-2.753201313
-2.786138708
-2.81869553
-2.850822466
-2.882454727
-2.913508163
-2.943888986
-2.973498118
-3.002236902
-3.030015084
-3.056757709
-3.082408155
-3.106953812
-3.130458808
-3.153043013
-3.174831885
-3.195926188
-3.216387271
-3.236213494
-3.255335968
-3.273643559
-3.291018925
-3.307359536
-3.322562431
-3.336516991
-3.349108468
-3.360208168
-3.369661011
-3.377281921
-3.382879573
-3.386300825
-3.387463024
-3.386369393
-3.383097064
-3.377749863
-3.370431358
-3.361256201
-3.350365883
-3.337916581
-3.324062298
-3.30897776
-3.292877982
-3.276011552
-3.25864859
-3.241074718
-3.223585884
-3.206469678
-3.190006109
-3.174490424
-3.160231718
-3.147530401
-3.136656294
-3.127846119
-3.121315086
-3.117256094
-3.115822972
-3.117117214
-3.121179356
-3.127953342
-3.137251693
-3.148772728
-3.162138855
-3.176916549
-3.192656891
-3.208973958
-3.225590327
-3.242321496
-3.259053909
-3.275743768
-3.292410734
-3.309091261
-3.325806949
-3.342605574
-3.359590703
-3.376899991
-3.394662626
-3.412952591
-3.43178413
-3.451139109
-3.470967538
-3.491187707
-3.511704358
-3.532394861
-3.553085796
-3.573558902
-3.593558084
-3.612811024
-3.631076432
-3.648164451
-3.663933115
-3.678290926
-3.691179822
-3.702537807
-3.712300776
-3.720413983
-3.726798703
-3.731339475
-3.733914336
-3.734405987
-3.732688351
-3.728640325
-3.722171136
-3.71322728
UPLOAD:END
